2 5 6 11 13 17 20 24 25 27 30 31 32 35 39 40 47 50 51 53 54 55 56 57 58 63 64 70 73 74 80 83 84 89 91 93 95 96 102 103 104 106 109 111 
2 3 6 8 13 14 17 20 22 24 26 27 28 29 31 32 35 38 40 50 51 53 54 57 58 63 65 69 70 72 74 75 78 81 82 85 89 91 
2 3 6 10 13 14 17 19 23 24 25 27 28 32 33 40 42 44 50 51 54 58 60 63 68 70 71 74 79 81 83 84 89 91 94 95 96 103 106 111 114 117 123 126 132 133 
2 3 6 7 9 13 14 17 19 21 23 24 25 26 27 30 32 34 39 40 42 43 44 46 51 54 58 63 66 69 70 71 74 78 81 82 85 89 90 91 95 100 103 106 111 114 117 
2 5 6 9 10 13 14 17 19 22 24 25 26 27 32 35 36 37 40 42 48 50 51 53 54 58 63 66 70 71 74 76 80 81 84 88 89 91 96 100 103 104 105 106 111 116 117 121 122 123 124 125 129 132 134 
1 3 4 6 7 9 10 18 32 33 43 46 49 55 56 58 62 63 67 74 75 76 82 84 85 88 89 90 92 99 100 111 120 123 124 129 132 
0 1 2 3 4 5 6 10 13 14 17 18 20 24 25 27 30 32 35 38 40 44 46 49 50 51 54 57 58 61 63 64 69 70 73 74 81 83 84 87 89 91 93 95 98 101 102 103 106 111 114 115 116 117 119 120 123 125 
1 6 10 13 15 16 17 18 24 27 32 34 40 41 43 48 50 51 55 58 60 62 63 64 70 73 74 78 81 82 83 84 86 89 91 94 95 97 103 106 107 111 117 118 119 123 124 125 127 129 132 
0 2 4 6 12 13 17 24 26 27 29 31 33 34 35 36 45 50 51 52 54 55 58 59 63 66 67 69 70 71 74 75 77 79 81 83 84 87 89 91 93 94 
2 3 6 10 13 17 18 21 22 24 25 27 32 33 35 37 40 42 47 48 51 54 56 58 60 63 64 68 70 73 74 78 81 82 
