2 5 6 11 13 17 20 24 25 27 30 31 32 35 39 40 47 50 51 53 54 55 56 57 58 63 64 70 73 74 80 83 84 89 91 93 95 96 102 103 104 106 109 111 
3 5 8 11 14 20 26 28 31 32 33 34 35 38 39 47 53 55 57 62 63 64 65 67 69 70 72 73 78 80 82 83 84 85 89 93 
3 5 11 14 20 21 23 25 26 28 31 33 35 39 40 44 47 54 55 57 60 63 64 68 70 71 73 78 80 81 82 91 93 94 96 103 104 
3 5 7 9 11 14 17 20 21 23 26 27 30 31 34 35 38 39 44 46 47 50 54 55 57 58 64 65 66 68 69 70 73 78 80 82 83 84 85 90 93 95 96 100 102 104 111 
5 9 11 13 19 20 22 25 26 27 31 35 36 37 39 42 47 48 53 55 57 58 64 65 66 70 71 72 73 76 80 82 88 93 95 96 100 102 104 105 111 
3 4 7 10 17 18 22 33 39 43 46 49 56 62 75 76 82 83 85 88 90 95 99 100 104 
2 5 6 10 11 14 20 26 27 28 30 31 35 38 39 41 46 47 49 51 55 57 61 64 65 69 70 73 74 80 82 87 93 96 98 104 108 
1 2 4 5 10 11 14 15 16 20 26 27 31 34 35 39 41 42 43 47 52 55 57 62 64 67 69 70 73 74 78 80 81 82 87 89 93 94 95 96 97 102 104 107 111 
0 3 4 5 11 12 20 24 26 29 34 36 45 47 51 52 54 55 57 59 63 64 66 67 70 73 75 77 79 80 81 82 85 87 92 94 
3 5 10 11 18 20 22 26 27 31 33 35 39 42 47 49 50 55 56 57 60 64 68 70 73 78 79 80 81 82 
