2 3 6 10 13 17 18 21 22 24 25 27 32 33 35 37 40 42 47 48 51 54 56 58 60 63 64 68 70 73 74 78 81 82 
3 5 10 11 18 20 22 26 27 31 33 35 39 42 47 49 50 55 56 57 60 64 68 70 73 78 79 80 81 82 
0 1 2 3 6 8 9 10 14 15 18 20 21 22 27 28 31 33 35 38 42 49 50 53 56 57 60 63 64 65 68 69 70 72 73 78 
0 1 2 3 8 10 14 18 22 23 26 27 28 33 35 42 44 50 54 56 60 63 64 68 71 73 75 78 82 
3 7 9 10 14 17 18 22 23 25 27 30 33 34 35 39 42 44 46 49 50 54 56 60 64 66 68 69 72 73 78 
0 1 2 3 5 7 8 9 10 13 17 18 19 22 27 33 35 37 40 42 48 50 53 56 58 60 63 64 66 68 71 73 76 78 81 
1 4 7 9 10 17 24 33 43 46 55 56 62 75 77 
2 3 6 8 10 14 18 20 21 22 25 26 27 30 33 35 38 42 46 50 51 56 57 60 61 64 66 68 69 73 78 82 
1 2 3 12 14 15 16 17 18 21 22 26 27 33 34 35 39 41 43 48 49 50 54 55 56 59 60 62 64 68 73 74 78 82 
0 3 4 10 12 18 21 22 27 29 30 32 34 36 42 45 50 52 55 56 59 60 63 64 66 67 68 73 75 77 78 79 
