2 3 6 8 13 14 17 20 22 24 26 27 28 29 31 32 35 38 40 50 51 53 54 57 58 63 65 69 70 72 74 75 78 81 82 85 89 91 
3 5 8 11 14 20 26 28 31 32 33 34 35 38 39 47 53 55 57 62 63 64 65 67 69 70 72 73 78 80 82 83 84 85 89 93 
0 1 2 3 5 8 14 17 20 23 26 28 31 33 35 38 44 53 54 57 60 63 65 68 69 71 72 78 82 83 85 89 91 94 
3 7 8 9 12 14 17 20 21 23 27 28 30 31 34 35 38 39 44 46 50 53 54 57 63 65 66 69 72 78 79 80 81 82 83 84 85 87 89 90 
0 1 2 3 5 8 9 13 14 19 20 22 28 31 35 36 37 38 42 48 53 57 58 63 65 66 69 71 72 76 77 78 81 83 84 85 88 89 93 
1 4 7 8 9 10 17 18 24 33 43 46 49 50 55 56 62 63 75 77 84 88 89 90 
2 3 6 8 10 14 19 20 23 26 28 30 31 35 38 46 49 51 53 57 61 63 64 65 68 69 72 73 78 82 83 84 85 87 89 93 
1 2 3 5 8 10 15 16 20 27 28 31 34 35 38 41 42 43 53 54 55 56 57 62 63 64 65 67 69 72 74 78 83 84 85 89 94 
0 3 4 8 12 14 20 28 29 34 36 38 45 52 53 55 57 59 63 65 66 67 69 72 75 77 78 79 83 84 85 87 89 93 94 
0 1 2 3 6 8 9 10 14 15 18 20 21 22 27 28 31 33 35 38 42 49 50 53 56 57 60 63 64 65 68 69 70 72 73 78 
