2 3 6 10 13 14 17 19 23 24 25 27 28 32 33 40 42 44 50 51 54 58 60 63 68 70 71 74 79 81 83 84 89 91 94 95 96 103 106 111 114 117 123 126 132 133 
3 5 11 14 20 21 23 25 26 28 31 33 35 39 40 44 47 54 55 57 60 63 64 68 70 71 73 78 80 81 82 91 93 94 96 103 104 
0 1 2 3 5 8 14 17 20 23 26 28 31 33 35 38 44 53 54 57 60 63 65 68 69 71 72 78 82 83 85 89 91 94 
3 7 9 13 14 17 19 21 23 26 27 28 30 33 34 39 42 44 45 46 47 50 52 54 60 63 66 68 69 70 71 78 82 83 85 90 91 94 96 100 103 111 112 113 114 116 
0 1 2 3 5 8 9 10 13 14 19 22 23 25 26 28 31 33 35 36 37 42 44 48 50 53 54 58 59 60 63 66 68 71 76 81 82 88 91 94 95 96 100 103 105 111 114 116 121 124 126 129 133 134 139 
1 4 7 9 10 17 24 33 35 43 44 46 49 50 55 56 62 63 71 75 76 82 88 90 92 99 100 120 124 129 133 141 
2 3 6 8 10 14 15 20 23 26 28 30 33 35 38 44 46 49 51 54 57 60 61 63 64 68 69 71 73 82 87 91 93 94 96 98 102 103 107 114 115 116 120 122 124 125 126 
1 2 3 5 10 15 16 23 26 27 28 33 34 41 43 44 55 60 62 63 64 68 71 74 77 78 82 89 91 95 96 97 99 100 103 107 111 113 114 122 123 124 125 126 127 129 133 138 139 143 
0 3 4 11 12 14 18 23 26 28 29 30 31 34 35 36 44 45 52 54 55 59 60 63 66 67 68 71 75 77 79 82 87 88 90 91 93 94 
0 1 2 3 8 10 14 18 22 23 26 27 28 33 35 42 44 50 54 56 60 63 64 68 71 73 75 78 82 
