2 3 6 7 9 13 14 17 19 21 23 24 25 26 27 30 32 34 39 40 42 43 44 46 51 54 58 63 66 69 70 71 74 78 81 82 85 89 90 91 95 100 103 106 111 114 117 
3 5 7 9 11 14 17 20 21 23 26 27 30 31 34 35 38 39 44 46 47 50 54 55 57 58 64 65 66 68 69 70 73 78 80 82 83 84 85 90 93 95 96 100 102 104 111 
3 7 8 9 12 14 17 20 21 23 27 28 30 31 34 35 38 39 44 46 50 53 54 57 63 65 66 69 72 78 79 80 81 82 83 84 85 87 89 90 
3 7 9 13 14 17 19 21 23 26 27 28 30 33 34 39 42 44 45 46 47 50 52 54 60 63 66 68 69 70 71 78 82 83 85 90 91 94 96 100 103 111 112 113 114 116 
3 5 7 9 13 14 17 19 21 22 23 27 28 30 34 35 36 37 39 42 44 46 48 50 53 54 58 65 66 69 71 76 78 81 83 84 85 88 90 95 96 100 105 108 111 114 116 121 
1 4 10 18 22 24 28 33 35 39 43 44 49 55 56 62 66 75 76 77 84 88 92 95 102 111 120 
2 3 6 7 9 10 14 16 17 20 21 23 25 26 27 30 31 34 35 38 39 44 46 49 50 51 54 57 59 61 62 64 65 66 69 73 76 78 82 83 84 85 87 90 93 98 100 102 109 111 114 115 116 120 
1 3 7 8 9 10 15 16 17 21 23 27 30 34 39 41 43 44 46 50 55 62 64 66 69 74 78 83 84 85 89 90 94 95 97 100 101 107 111 113 114 
0 3 4 7 9 12 14 16 17 21 23 27 29 31 32 33 35 36 44 45 46 50 52 54 55 59 60 63 66 67 69 71 75 77 78 79 83 84 85 87 90 93 94 
3 7 9 10 14 17 18 22 23 25 27 30 33 34 35 39 42 44 46 49 50 54 56 60 64 66 68 69 72 73 78 
