2 5 6 9 10 13 14 17 19 22 24 25 26 27 32 35 36 37 40 42 48 50 51 53 54 58 63 66 70 71 74 76 80 81 84 88 89 91 96 100 103 104 105 106 111 116 117 121 122 123 124 125 129 132 134 
5 9 11 13 19 20 22 25 26 27 31 35 36 37 39 42 47 48 53 55 57 58 64 65 66 70 71 72 73 76 80 82 88 93 95 96 100 102 104 105 111 
0 1 2 3 5 8 9 13 14 19 20 22 28 31 35 36 37 38 42 48 53 57 58 63 65 66 69 71 72 76 77 78 81 83 84 85 88 89 93 
0 1 2 3 5 8 9 10 13 14 19 22 23 25 26 28 31 33 35 36 37 42 44 48 50 53 54 58 59 60 63 66 68 71 76 81 82 88 91 94 95 96 100 103 105 111 114 116 121 124 126 129 133 134 139 
3 5 7 9 13 14 17 19 21 22 23 27 28 30 34 35 36 37 39 42 44 46 48 50 53 54 58 65 66 69 71 76 78 81 83 84 85 88 90 95 96 100 105 108 111 114 116 121 
1 3 4 7 10 17 18 24 28 33 43 46 48 50 55 56 58 62 66 70 71 75 77 83 92 102 111 120 121 129 134 140 141 145 152 154 155 160 163 168 
2 5 6 8 9 10 13 14 19 20 22 24 26 27 30 35 36 37 38 42 46 48 49 51 53 57 58 61 64 65 66 69 71 73 76 81 82 87 88 93 96 98 100 102 105 111 114 115 116 120 121 
1 2 5 9 10 13 15 16 17 19 22 27 34 35 36 37 38 41 43 48 53 54 55 58 62 64 66 71 74 76 78 81 85 88 89 96 97 100 105 107 111 116 121 123 127 129 134 139 141 143 144 154 
0 4 5 9 12 13 19 22 29 30 31 33 34 37 42 45 46 48 52 53 55 58 59 63 66 67 71 75 76 77 79 81 82 87 88 93 94 
0 1 2 3 5 7 8 9 10 13 17 18 19 22 27 33 35 37 40 42 48 50 53 56 58 60 63 64 66 68 71 73 76 78 81 
