1 3 4 6 7 9 10 18 32 33 43 46 49 55 56 58 62 63 67 74 75 76 82 84 85 88 89 90 92 99 100 111 120 123 124 129 132 
3 4 7 10 17 18 22 33 39 43 46 49 56 62 75 76 82 83 85 88 90 95 99 100 104 
1 4 7 8 9 10 17 18 24 33 43 46 49 50 55 56 62 63 75 77 84 88 89 90 
1 4 7 9 10 17 24 33 35 43 44 46 49 50 55 56 62 63 71 75 76 82 88 90 92 99 100 120 124 129 133 141 
1 4 10 18 22 24 28 33 35 39 43 44 49 55 56 62 66 75 76 77 84 88 92 95 102 111 120 
1 3 4 7 10 17 18 24 28 33 43 46 48 50 55 56 58 62 66 70 71 75 77 83 92 102 111 120 121 129 134 140 141 145 152 154 155 160 163 168 
1 3 4 6 7 9 10 17 18 22 24 33 43 50 52 55 56 62 70 75 76 82 83 88 95 99 113 
3 4 7 9 17 18 22 24 33 35 46 49 50 56 70 74 76 88 89 92 99 100 107 111 120 123 127 129 141 143 145 148 152 
0 3 7 9 10 17 22 28 32 36 40 46 50 52 56 62 63 66 67 70 76 83 85 88 90 
1 4 7 9 10 17 24 33 43 46 55 56 62 75 77 
