0 1 2 3 4 5 6 10 13 14 17 18 20 24 25 27 30 32 35 38 40 44 46 49 50 51 54 57 58 61 63 64 69 70 73 74 81 83 84 87 89 91 93 95 98 101 102 103 106 111 114 115 116 117 119 120 123 125 
2 5 6 10 11 14 20 26 27 28 30 31 35 38 39 41 46 47 49 51 55 57 61 64 65 69 70 73 74 80 82 87 93 96 98 104 108 
2 3 6 8 10 14 19 20 23 26 28 30 31 35 38 46 49 51 53 57 61 63 64 65 68 69 72 73 78 82 83 84 85 87 89 93 
2 3 6 8 10 14 15 20 23 26 28 30 33 35 38 44 46 49 51 54 57 60 61 63 64 68 69 71 73 82 87 91 93 94 96 98 102 103 107 114 115 116 120 122 124 125 126 
2 3 6 7 9 10 14 16 17 20 21 23 25 26 27 30 31 34 35 38 39 44 46 49 50 51 54 57 59 61 62 64 65 66 69 73 76 78 82 83 84 85 87 90 93 98 100 102 109 111 114 115 116 120 
2 5 6 8 9 10 13 14 19 20 22 24 26 27 30 35 36 37 38 42 46 48 49 51 53 57 58 61 64 65 66 69 71 73 76 81 82 87 88 93 96 98 100 102 105 111 114 115 116 120 121 
1 3 4 6 7 9 10 17 18 22 24 33 43 50 52 55 56 62 70 75 76 82 83 88 95 99 113 
1 6 9 15 16 18 20 26 27 30 34 35 38 41 42 43 46 49 51 54 55 57 61 62 64 69 73 74 78 80 82 87 89 91 93 94 95 97 98 102 107 111 114 116 119 120 122 123 
0 2 4 6 10 12 14 16 20 26 29 31 32 33 34 36 38 45 46 49 51 52 55 57 59 61 63 64 66 67 69 73 75 77 79 82 87 89 91 94 
2 3 6 8 10 14 18 20 21 22 25 26 27 30 33 35 38 42 46 50 51 56 57 60 61 64 66 68 69 73 78 82 
