1 6 10 13 15 16 17 18 24 27 32 34 40 41 43 48 50 51 55 58 60 62 63 64 70 73 74 78 81 82 83 84 86 89 91 94 95 97 103 106 107 111 117 118 119 123 124 125 127 129 132 
1 2 4 5 10 11 14 15 16 20 26 27 31 34 35 39 41 42 43 47 52 55 57 62 64 67 69 70 73 74 78 80 81 82 87 89 93 94 95 96 97 102 104 107 111 
1 2 3 5 8 10 15 16 20 27 28 31 34 35 38 41 42 43 53 54 55 56 57 62 63 64 65 67 69 72 74 78 83 84 85 89 94 
1 2 3 5 10 15 16 23 26 27 28 33 34 41 43 44 55 60 62 63 64 68 71 74 77 78 82 89 91 95 96 97 99 100 103 107 111 113 114 122 123 124 125 126 127 129 133 138 139 143 
1 3 7 8 9 10 15 16 17 21 23 27 30 34 39 41 43 44 46 50 55 62 64 66 69 74 78 83 84 85 89 90 94 95 97 100 101 107 111 113 114 
1 2 5 9 10 13 15 16 17 19 22 27 34 35 36 37 38 41 43 48 53 54 55 58 62 64 66 71 74 76 78 81 85 88 89 96 97 100 105 107 111 116 121 123 127 129 134 139 141 143 144 154 
3 4 7 9 17 18 22 24 33 35 46 49 50 56 70 74 76 88 89 92 99 100 107 111 120 123 127 129 141 143 145 148 152 
1 6 9 15 16 18 20 26 27 30 34 35 38 41 42 43 46 49 51 54 55 57 61 62 64 69 73 74 78 80 82 87 89 91 93 94 95 97 98 102 107 111 114 116 119 120 122 123 
0 1 4 12 14 15 16 27 29 31 33 35 36 43 45 50 52 55 59 62 63 64 66 67 74 75 76 77 78 79 87 89 91 
1 2 3 12 14 15 16 17 18 21 22 26 27 33 34 35 39 41 43 48 49 50 54 55 56 59 60 62 64 68 73 74 78 82 
