0 2 4 6 12 13 17 24 26 27 29 31 33 34 35 36 45 50 51 52 54 55 58 59 63 66 67 69 70 71 74 75 77 79 81 83 84 87 89 91 93 94 
0 3 4 5 11 12 20 24 26 29 34 36 45 47 51 52 54 55 57 59 63 64 66 67 70 73 75 77 79 80 81 82 85 87 92 94 
0 3 4 8 12 14 20 28 29 34 36 38 45 52 53 55 57 59 63 65 66 67 69 72 75 77 78 79 83 84 85 87 89 93 94 
0 3 4 11 12 14 18 23 26 28 29 30 31 34 35 36 44 45 52 54 55 59 60 63 66 67 68 71 75 77 79 82 87 88 90 91 93 94 
0 3 4 7 9 12 14 16 17 21 23 27 29 31 32 33 35 36 44 45 46 50 52 54 55 59 60 63 66 67 69 71 75 77 78 79 83 84 85 87 90 93 94 
0 4 5 9 12 13 19 22 29 30 31 33 34 37 42 45 46 48 52 53 55 58 59 63 66 67 71 75 76 77 79 81 82 87 88 93 94 
0 3 7 9 10 17 22 28 32 36 40 46 50 52 56 62 63 66 67 70 76 83 85 88 90 
0 2 4 6 10 12 14 16 20 26 29 31 32 33 34 36 38 45 46 49 51 52 55 57 59 61 63 64 66 67 69 73 75 77 79 82 87 89 91 94 
0 1 4 12 14 15 16 27 29 31 33 35 36 43 45 50 52 55 59 62 63 64 66 67 74 75 76 77 78 79 87 89 91 
0 3 4 10 12 18 21 22 27 29 30 32 34 36 42 45 50 52 55 56 59 60 63 64 66 67 68 73 75 77 78 79 
